1000935054
1003357944
-1001845393878
-1001877363596
-890606924
1008755162
1014387507
1015157851
1019118766
1021296357
1021413379
1024451059
1027777407
1028459372
1029662749
1032215272
1033454218
1035353109
1037706423
1040787154
1046808702
1047360236
1048325671
1048472462
1049972414
1056329469
1061267106
1061412350
1062828245
1064130481
1064448006
1069142664
1072392802
1074250900
1074816963
1079985718
1080529141
1080830683
1081041640
1082510699
1082989825
1087555135
1093572779
1094665826
1097126784
1098485859
1098493924
1100443589
1100963517
1101303716
1103790029
1104912268
110549241
1108358587
1110572373
1115161031
1116260300
1118446606
1119773953
1120210552
1121044117
1124449427
1126811674
1129647916
1130098478
1130270987
1132837520
1133759828
1138565799
1138769089
1140460738
1140777249
1142774297
1143234631
1143798856
1148986279
1148988725
1151453205
1151809504
1152561383
1152695175
1154131011
1154932373
1156218768
1158439054
1160335164
1162259583
1165526622
1166195531
1167455168
1171152124
1173037935
1176345406
1181854141
1183005972
1184327775
1185442461
1185994306
1187323152
1188173917
1188247314
1188761004
1189278751
1191041373
1191865060
1191880704
1194942957
1196726440
1199005833
1202516435
1204957927
1209461502
1209943016
1211526174
1211629584
1214694119
1215087815
1222323800
1226388141
1226741380
1227005887
1230880362
1232977145
1234160159
1235212635
1237271855
1241387788
1241869782
1245895127
1247113400
1249774705
1249947840
1253494017
1257998659
1258963961
1259865571
1260657599
1261157308
1264878160
1266814043
1270369928
1271086379
1273422170
1276807489
1276890726
1278912415
1280169645
1284382991
1286077882
1293008215
1293926983
1294323013
1296574278
1296867475
1298244604
1301946948
1302643894
1302758322
1313914957
1314985341
1318607807
1322526803
1323948580
1327909774
1329529020
1329550546
1338628384
1338693333
1340448263
1343865701
1344705214
1347019802
1347646431
1348789102
1350812681
1352743997
1352817138
1354354010
1356948851
1359534260
1361219756
1362307380
1362496466
1363935693
1364731901
1369667639
1371939201
1374534189
1375032975
1376005532
1376722155
1381802776
1382808250
1382892613
1383230281
1383875861
1385252683
1389638610
1390773417
1391520393
1392382814
1396284373
1398947441
1400085606
1400829846
1406703460
1408851031
1410442847
1412937634
1415489326
1415770775
1419214254
1420824201
1422134832
1424493323
1426063976
1428393594
1429645429
1429656605
1430451983
1434143287
1436433421
1439154436
1445379302
1446759424
1451947383
1453750709
1455033706
1456766996
1459477853
1464239371
1464308268
1464969519
1469788882
1470468314
1473026824
1474251901
1480049667
1494690764
1497529125
1498524843
1498807282
1506810505
1512468104
1522440680
1523170575
1525898243
1535527325
1557136934
1559594648
1565591881
1569186309
1573426953
1588203188
1588841022
1592131871
1593053721
1595323994
1608056712
1608269888
1610284806
1614254317
1616453740
1619804935
1625089492
1625821095
1626201226
1633937181
1635809289
1641772254
1645316558
1648516528
1649437422
1650645642
1653752038
1657992439
1658274579
1658725583
1660221695
1660560242
1665918195
1666773570
1671931228
1677408382
1678361982
1681336667
1684674665
1685470205
1691008998
1691850919
1694354935
1708741546
1710260745
1711300752
1722333859
1727175420
1729083148
1729152130
1729207947
1730449730
1731614551
1736816436
1738489339
1747864434
1748306880
1750979937
1751666980
1751927522
1752208587
1752449756
1753138379
1753789292
1754542043
1757804205
1760773207
1764729454
1765473830
1773565934
1779477692
1780671416
1781262378
1785222171
1788731574
1788882126
1793021444
1794307565
1799436606
1802870725
1802962149
1814659565
1815846023
1817736635
1818586193
1823489159
1825786130
1828572440
1829033482
1829930586
1830119746
1840090669
1846817211
1847594997
1850357593
1853956607
1858823155
1863155624
1865344047
1866059365
1869254856
1871453368
1876439380
1884989982
1885281856
1887366641
1897558868
1898028418
1898978665
1902980545
1904586041
1906379194
1907440740
1916203390
1921890223
1924921959
1925046061
1927974114
1929142592
1930181602
1930848727
1931755887
1935292613
1936762231
1940629316
1940878354
1943337360
1944388959
1947318382
1951604649
1953752755
1955252461
1961010139
1961444162
1964548607
1969895065
1973457307
1974251411
1975699538
1978621194
1979240451
1981428351
1987432240
1992954234
1997811344
1998547375
1999963644
2005496219
2008760722
2009054563
2009840801
2010992664
2014690737
2014744811
2015472406
2019283488
2021433056
2027904698
2030145211
2032123423
2035604893
2037986782
2047325659
2048504695
2054194043
2056556314
2056867501
2057042584
2059238444
2060977194
2064317059
2066900275
207651089
2086426388
2088871416
2095327924
2098566632
2101580716
2115630478
2124814851
2125963422
2127867661
2127991748
2136417046
2140235160
2141161338
2141656049
227583876
243433558
272592729
299130421
328482645
376605291
37937519
39282827
396556299
401904700
404864057
408435961
424989899
432243459
436037769
437788223
439040454
459099509
463272416
485139985
492311140
493345414
5000250896
500346573
5013891418
5016007577
501774475
5022436447
5023254202
502587030
5028547096
5029743962
5037208834
5042827128
5046008619
5047511892
5049926495
5053561005
5057878877
5059924734
5065692340
5066808916
5067161140
5071706887
5078363791
5078535164
5081115711
5082414325
5087323161
508862999
5090294164
5090518703
5094090479
509461050
5101286505
5103458513
5109539589
5133734692
5134531382
5140474522
5151450382
5158253061
5162303812
5163242925
5170540936
5171654930
5174651049
5181941050
5182486964
5185352331
5185745686
5194690523
5195110230
5197533776
5199779580
5201415036
5212064390
5214258080
5216561969
5219052133
5228613403
5229491832
5234017529
5237556980
5241128537
5241534514
5241713938
5254840998
5269766502
5272595934
5272762868
5273072046
5285133805
5290566129
5298441651
5302249026
5302781135
5306927089
5308439234
5309775838
5310269073
5310276340
5313826282
5313903095
5314758544
5318338182
5329414387
5329671850
5331600991
5332490848
5333001523
5345116501
5346926956
5348375493
5348838948
5354672194
5356058507
5356329342
5361465693
5362835260
5366162246
5366818494
5367815787
5370272241
5370504659
5377127328
5389252122
5391523058
5398114338
5403987687
5405336031
5408510602
5410171725
5410564416
5412332999
5419801650
541987692
5425711788
5434142099
5434607788
5441410445
5444186410
5448400792
5449944096
5459190911
5462762017
5467727154
5481995747
5483591122
5498155119
550290200
5505734827
5513086642
5515378364
5519536368
5520051371
5520337119
5520395683
5529844763
5533488269
5536054905
5539281394
5546321747
5546884154
5547108510
5547902248
5551220053
5554247805
5557199589
5571094289
5573253190
5579395338
5581368150
5581652813
558235940
5587896989
5591433597
559807261
5598108079
5598343333
5608449852
5608761376
5612667934
5614929341
5618755324
5623516882
5623745773
5632711631
5635469969
5638693036
5639505628
5644796365
5652764160
5653807387
5655306381
5661080078
5661842369
5670091095
5672654332
5676827158
5677216414
5684594168
5691845573
5693922485
570082607
5701425618
5702799441
5703973702
5704302945
5705321710
5708008169
5710393442
5710959770
5719093838
5721746469
5725467046
5731739214
573514497
5735812274
5742459905
5743354253
5744097228
5761229248
5761733191
5768638481
5773366088
5785865695
5790150050
5795368191
5795762558
5796038181
5796116764
5797343350
5798141605
5798930137
581161024
5814538917
5823566615
5832564880
5833981193
5840871825
5842776842
5850938374
5856393341
5858360332
5861216107
5862640955
5867478681
5871211899
5871292133
5873270069
5873685611
5875449932
5877299628
5882468469
5882849704
5884214545
5884393103
5892722805
5896085243
5897165794
5899541272
5903453021
5903514514
5904716672
5906208791
5907213385
5913223291
5918439534
5919443960
5921678025
5924822148
592670636
5928067038
5928541577
5932072390
593574541
5946297863
5951683122
5957788620
5964392348
5967524791
596904697
5981502485
5984641560
5986987339
6001938884
6009269857
6012548377
6012740021
6013692739
6027504224
6028354519
6029702559
6029855830
6030490715
603727671
6042165268
6046109047
6046941064
6047368125
6055562522
6066292207
6067185654
6070080153
607170863
6077906001
608238268
6092982835
6093499286
6101703464
6105685079
6109044125
6116463275
6118675557
6123364500
612622405
613086157
6142178350
6143043420
6149603417
6182312682
6186741550
6186763362
6199088954
6200304612
6200461121
6209920642
6210050767
6214896508
6220079530
622343475
622475239
6233202761
6236372155
6237716523
6241759659
624586858
6249294956
6253663070
6255500287
6261352144
6263483012
6266048358
6269272655
627258832
6275848186
6288587766
6294787062
629703182
6297412924
634645364
634848837
635713721
640235484
643102787
647935403
648644876
651665200
652412731
654547415
656843520
658115340
658839371
66077591
665102618
672144805
673736805
680193142
682512899
685076950
686205824
689445132
691178205
695347512
697588556
702874972
705037227
706686677
71177059
718807030
721010711
722853120
724437526
726516675
727583514
737602991
738332171
740321969
740780827
744021680
746113092
746178503
747287169
748539605
754415830
754597949
754884283
758405621
759302717
759896832
760122377
760388377
760398379
760873841
761316672
767359192
774220291
775407449
778183449
780497329
781007549
781512423
784423796
791059325
794291176
794499555
795429152
796710412
796854944
797217898
800378809
803806320
804390991
804554520
808136369
808347473
810578921
811128869
817794617
819653086
823663164
825113461
828108750
829271003
831462717
839638926
842419183
849056638
849577539
851305830
852409849
853909819
854629075
855366335
855430288
861582841
864225453
865579429
868631261
874891106
878985971
879470926
879642703
880596825
881261367
885400446
888940166
890086721
890817365
891462284
892362317
892425570
893838165
896333798
897913765
898011472
901510462
909121368
913741765
917036425
918326601
919536387
920323009
922222505
922662293
924227490
932193917
932780466
935390291
935939301
938135785
940468850
940864055
943183054
947707548
95317343
954141725
961488212
962105298
972350956
972588649
973465126
973768827
973902837
974109996
978265743
982825142
987459584
988427586
996949235
998636864
